Number:680
0.5863038548752835
1.0478004535147392
2.063673469387755
2.295873015873016
3.0273015873015874
3.317551020408163
4.0751020408163265
5.0764625850340135
6.074920634920635
7.061768707482993
8.068934240362811
9.061587301587302
10.091972789115646
11.325532879818594
13.06702947845805
14.074195011337869
15.333877551020407
16.094331065759636
15.586394557823128
16.259773242630384
17.014421768707482
4.600453514739229
18.012879818594104
14.31219954648526
15.36
16.89251700680272
17.635555555555555
18.007074829931973
6.594467120181406
7.616145124716553
8.588480725623583
8.84390022675737
9.813333333333333
9.61015873015873
9.8162358276644
16.7502947845805
10.071655328798187
10.837913832199547
11.911836734693878
12.576507936507937
12.57360544217687
17.56299319727891
2.809614512471655
16.103038548752835
16.100136054421768
16.152380952380952
16.25687074829932
16.764807256235827
17.226303854875283
17.075374149659865
17.3772335600907
17.99546485260771
5.059047619047619
5.825306122448979
5.5698866213151925
17.327891156462584
7.56390022675737
1.607981859410431
2.1188208616780044
0.33378684807256237
2.6035374149659862
4.85297052154195
5.363809523809524
5.61922902494331
8.074739229024944
8.585578231292518
2.8328344671201813
8.33015873015873
8.840997732426304
9.810430839002267
2.5774149659863945
10.576689342403627
10.579591836734695
1.0565079365079366
11.395192743764172
12.315283446712018
12.570702947845804
14.309297052154195
17.159546485260773
2.8067120181405896
15.075555555555555
15.330975056689342
15.026213151927438
5.31156462585034
5.566984126984127
5.822403628117914
6.588662131519274
6.0778231292517
6.130068027210885
7.560997732426304
7.305578231292517
0.08126984126984127
0.31927437641723355
0.8591383219954648
4.696235827664399
6.434829931972789
0.3250793650793651
8.324353741496598
8.071836734693878
8.327256235827665
9.807528344671201
9.348934240362812
9.604353741496599
16.13496598639456
10.573786848072562
10.829206349206348
10.062947845804988
10.626031746031746
10.832108843537416
11.34294784580499
10.115192743764172
10.167437641723357
12.10920634920635
12.823219954648525
13.592380952380953
14.817233560090703
14.561814058956916
15.328072562358276
16.111746031746033
3.5700680272108842
16.097233560090704
16.303310657596374
16.25106575963719
16.759002267573695
4.080907029478458
17.37142857142857
17.78358276643991
17.882267573696144
17.88807256235828
5.308662131519275
5.819501133786848
17.780680272108842
3.3146485260770975
1.5847619047619048
6.638004535147393
2.597732426303855
16.878004535147394
5.102585034013606
7.096598639455783
7.607437641723356
8.579773242630386
8.576870748299319
8.321451247165532
8.832290249433106
8.066031746031745
9.346031746031747
9.601451247165533
3.5932879818594103
3.3378684807256236
10.826303854875283
10.060045351473923
10.62312925170068
10.570884353741496
11.340045351473924
11.59546485260771
12.106303854875284
12.26013605442177
12.36172335600907
13.58657596371882
13.177324263038548
14.355736961451248
14.866575963718821
17.66748299319728
3.311746031746032
3.5671655328798186
4.844263038548752
5.8165986394557825
6.072018140589569
6.327437641723356
6.582857142857143
0.5746938775510204
1.811156462585034
1.0681179138321995
1.0652154195011339
1.5905668934240362
0.8562358276643991
1.8430839002267574
1.3061224489795917
1.3670748299319728
1.0826303854875283
1.3206349206349206
5.09968253968254
7.604535147392291
8.573968253968253
8.318548752834467
8.370793650793651
8.06312925170068
9.343129251700681
9.853968253968254
3.334965986394558
3.5903854875283447
10.56798185941043
10.620226757369615
10.823401360544217
11.589659863945577
11.641904761904762
11.592562358276645
12.614240362811792
12.103401360544218
13.583673469387755
13.072834467120181
1.3148299319727892
14.863673469387756
14.352834467120182
14.965260770975057
15.577687074829932
16.091428571428573
4.5859410430839
17.165351473922904
17.876462585034012
17.060861678004535
17.676190476190477
5.813696145124717
17.827120181405895
17.77777777777778
17.931609977324264
17.621043083900226
6.069115646258504
6.835374149659864
0.08417233560090703
0.3221768707482993
5.81079365079365
5.04453514739229
6.272290249433107
0.11609977324263039
1.593469387755102
8.112471655328799
8.571065759637188
8.315646258503401
8.672653061224489
9.337324263038548
9.592743764172335
9.389569160997732
0.5834013605442177
10.820498866213152
11.331337868480725
11.586757369614512
12.100498866213153
13.1221768707483
13.069931972789115
13.580770975056689
1.822766439909297
14.857868480725623
14.86077097505669
2.078185941043084
3.152108843537415
4.5830385487528345
4.072199546485261
5.093877551020408
6.066213151927438
6.5770521541950115
0.8301133786848073
0.5775963718820861
0.592108843537415
17.806802721088435
5.807891156462585
6.881814058956916
0.06965986394557823
1.8459863945578232
8.109569160997733
8.36498866213152
8.823582766439909
9.334421768707482
9.58984126984127
10.817596371882086
12.811609977324263
12.863854875283447
12.60843537414966
0.10158730158730159
13.630113378684808
14.854965986394557
14.088707482993197
14.140952380952381
2.0752834467120183
15.5718820861678
2.5861224489795918
16.89832199546485
16.288798185941044
16.23655328798186
16.950566893424035
4.835555555555556
17.719727891156463
17.972244897959182
17.464308390022676
4.580136054421769
17.46140589569161
17.821315192743764
4.069297052154195
17.716825396825396
17.82421768707483
17.258231292517006
6.829569160997733
6.266485260770975
1.6399092970521543
2.815419501133787
0.3395918367346939
17.41496598639456
4.066394557823129
5.651156462585034
6.060408163265306
8.820680272108843
8.208253968253969
8.61750566893424
2.8647619047619046
8.872925170068028
9.586938775510204
9.331519274376417
10.559274376417234
10.611519274376418
10.097777777777777
11.070113378684807
11.58095238095238
12.860952380952382
12.091791383219954
12.858049886621314
12.45170068027211
13.574965986394558
13.064126984126984
13.319546485260771
14.596643990929705
14.085804988662131
15.362902494331065
3.3494784580498864
4.577233560090703
1.8285714285714285
6.826666666666667
0.08707482993197278
7.949931972789115
7.337505668934241
7.082086167800454
2.812517006802721
2.6586848072562357
3.3233560090702947
3.5787755102040815
0.833015873015873
1.3235374149659864
1.8140589569160999
2.574512471655329
2.8444444444444446
2.3510204081632655
1.8488888888888888
1.3380498866213153
2.066575963718821
2.58031746031746
3.445260770975057
3.340770975056689
3.5584580498866214
4.574331065759637
6.05750566893424
6.823764172335601
1.8401814058956916
6.211337868480726
0.3570068027210884
7.642267573696145
7.079183673469387
6.876009070294785
8.306938775510204
8.100861678004534
9.328616780045351
9.584036281179138
9.636281179138322
9.073197278911564
10.556371882086168
10.094875283446711
10.811791383219955
10.605714285714285
1.5963718820861679
11.578049886621315
11.322630385487528
1.8517913832199546
12.39655328798186
12.088888888888889
13.110566893424036
13.061224489795919
13.624308390022676
14.59374149659864
14.338321995464852
2.8357369614512473
15.56607709750567
3.346575963718821
16.895419501133787
16.738684807256234
16.944761904761904
4.829750566893424
17.51074829931973
17.917097505668934
17.09859410430839
17.560090702947846
5.085170068027211
17.504943310657595
6.362267573696145
6.617687074829932
1.0710204081632653
3.320453514739229
0.31056689342403626
4.060589569160998
4.316009070294784
5.389931972789116
5.134512471655329
6.820861678004535
0.07256235827664399
7.587120181405895
7.076281179138322
9.070294784580499
9.581133786848072
10.80888888888889
11.57514739229025
12.904489795918368
13.058321995464853
13.212154195011339
1.3496598639455781
14.335419501133787
17.565895691609978
15.563174603174604
15.357097505668934
6.614784580498866
3.5729705215419503
0.6124263038548753
0.8185034013605442
0.6443537414965986
0.8504308390022676
4.057687074829932
4.568526077097506
4.823945578231292
1.7182766439909296
5.334784580498866
5.642448979591837
6.562539682539683
6.15328798185941
7.073378684807256
1.3728798185941042
8.196643990929704
8.605895691609977
9.578231292517007
9.067392290249433
3.213061224489796
10.08907029478458
11.572244897959184
11.316825396825397
11.6215873015873
12.083083900226757
13.615600907029478
13.461768707482992
1.6021768707482993
14.587936507936508
14.126439909297051
14.280272108843537
14.077097505668934
15.560272108843538
15.354195011337868
15.098775510204081
16.991201814058957
16.123356009070296
16.32362811791383
17.603628117913832
17.348208616780045
17.50204081632653
17.40045351473923
5.5902040816326535
17.85904761904762
17.65297052154195
17.911292517006803
17.861950113378686
6.6118820861678005
1.5760544217687076
1.8314739229024943
0.3599092970521542
0.1219047619047619
2.571609977324263
4.56562358276644
4.310204081632653
5.587301587301587
5.3841269841269845
5.639546485260771
6.815056689342404
7.325895691609977
7.070476190476191
7.581315192743764
1.3699773242630386
8.602993197278911
8.399818594104309
9.064489795918368
9.830748299319728
10.292244897959185
10.086167800453515
10.597006802721088
11.313922902494332
12.080181405895692
13.612698412698412
14.84045351473923
14.17578231292517
15.351292517006803
4.8703854875283445
5.636643990929705
6.608979591836735
6.098140589569161
2.0839909297052155
2.594829931972789
0.313469387755102
1.5992743764172335
1.0594104308390022
1.581859410430839
1.6282993197278912
1.9475736961451247
0.8214058956916099
0.42376417233560093
1.3438548752834467
1.3264399092970522
1.073922902494331
2.057868480725624
4.818140589569161
4.153469387755102
5.073560090702948
5.328979591836735
6.812154195011338
0.1073922902494331
7.5784126984126985
7.322993197278912
8.498503401360544
8.141496598639456
8.600090702947846
9.317006802721089
9.827845804988662
10.84952380952381
10.083265306122449
11.360362811791383
12.077278911564626
12.945124716553288
14.12063492063492
14.837551020408164
14.32671201814059
14.582131519274377
2.1072108843537416
15.603809523809524
15.705396825396825
14.071292517006803
17.359818594104308
16.117551020408165
16.265578231292515
16.062403628117913
4.612063492063492
17.80390022675737
17.086984126984127
4.867482993197279
17.3946485260771
17.751655328798186
18.004172335600906
17.905487528344672
6.809251700680272
7.3723356009070296
0.5717913832199546
2.8212244897959184
3.5874829931972787
3.332063492063492
4.098321995464852
4.559818594104309
4.8152380952380955
5.326077097505669
5.070657596371882
5.8369160997732425
6.092335600907029
7.320090702947846
7.064671201814059
8.187936507936508
8.086349206349206
8.852607709750567
9.56952380952381
9.058684807256236
9.824943310657597
0.4556916099773243
10.846621315192744
10.080362811791383
10.591201814058957
11.3081179138322
11.305215419501133
12.07437641723356
12.123718820861678
13.659138321995465
14.579229024943311
14.834648526077098
14.117732426303855
14.323809523809524
2.6151473922902495
15.090068027210885
15.600907029478458
14.883990929705215
14.169977324263039
4.812335600907029
6.8585941043083904
0.09287981859410431
0.3308843537414966
0.8388208616780045
0.5688888888888889
0.8243083900226758
1.0797278911564625
3.584580498866213
3.3291609977324264
5.57859410430839
5.3231746031746034
6.855691609977324
1.3090249433106576
8.849705215419501
8.185034013605442
8.388208616780044
10.588299319727891
10.843718820861678
10.126802721088435
11.560634920634921
11.557732426303854
11.200725623582766
11.354557823129252
11.609977324263038
12.120816326530612
13.603990929705216
14.831746031746032
14.985578231292518
14.065487528344672
14.320907029478459
14.114829931972789
15.342585034013606
15.598004535147393
14.576326530612246
16.108843537414966
16.822857142857142
16.92734693877551
16.26267573696145
4.8094331065759635
17.742947845804988
17.333696145124716
17.539773242630385
17.438185941043084
5.06485260770975
18.001269841269842
6.957278911564626
6.905034013605442
7.058866213151927
7.569705215419501
7.621950113378685
0.0783673469387755
0.3163718820861678
1.076825396825397
2.9170068027210885
3.3262585034013608
3.5816780045351475
4.092517006802721
4.858775510204081
5.575691609977325
5.831111111111111
6.597369614512472
0.11029478458049886
6.240362811791384
6.086530612244898
6.852789115646258
1.8169614512471655
8.846802721088435
8.182131519274376
2.072380952380952
8.591383219954649
8.335963718820862
9.308299319727892
9.819138321995466
9.305396825396825
11.351655328798186
11.554829931972789
12.579410430839003
12.117913832199546
12.884172335600907
14.878185941043084
14.521179138321996
2.455510204081633
15.03201814058957
5.061950113378685
5.369614512471656
5.317369614512471
5.572789115646258
5.625034013605442
7.3113832199546485
1.6108843537414965
2.684807256235828
17.760362811791385
